1 1 3 700
1 2 3 700
1 3 1 500
1 4 9 900
1 5 5 700
1 6 2 500
1 7 14 1400
1 8 9 900
1 9 8 900
1 10 5 700
1 11 6 900
3 1 7 900
3 2 7 900
3 3 10 900
3 4 2 500
3 5 4 700
3 6 6 900
3 7 3 700
3 8 5 700
3 9 8 900
3 10 1 500
3 11 4 700
3 12 2 500
3 13 3 700
3 14 5 700
3 15 2 500
4 1 11 1400
4 2 2 500
4 3 3 700
4 4 28 2000
4 5 7 900
4 6 11 1400
5 1 2 500
5 2 5 700
5 3 2 500
5 4 6 900
5 5 2 500
5 6 3 700
5 7 2 500
5 8 6 900
5 9 2 500
5 10 2 500
5 11 4 700
5 12 2 500
5 13 2 500
5 14 4 700
5 15 4 700
5 16 5 700
5 17 7 900
5 18 2 500
5 19 3 700
5 20 7 900
5 21 2 500
7 1 5 700
7 2 12 1400
7 3 6 900
7 4 6 900
7 5 6 900
7 6 9 900
7 7 6 900
7 8 25 2000
